2000
0000
0000
0000
0000
0000
0001----파트원
0000
0010
0000
0001
0000
0010
0000
0001
0000
0010
0000
1001
0000
0000
0000
1000----
0000
0100
0000
1000
0000
0100
0000
1000
0000
0100
0000
1001
0000
0000
0000
0001----파트투
0000
0010
0000
0001
0000
0010
0000
0100
0000
1000
0000
1001
0000
0000
0000
1000----
0000
0100
0000
1000
0000
0100
0000
0010
0000
0001
0000
1001
0000
0000
0000
0001----파트쓰리
0000
0010
0000
0101
0000
1000
0000
0101
0000
0010
0000
1001
0000
0000
0000
1000----
0000
0100
0000
1010
0000
0001
0000
1010
0000
0100
0000
1001
0000
0000
0000
1001----
0000
0110
0000
1001
0000
0110
0000
1001
0000
1001
0000
1001
0000
0000
0000
0000----멈춤
0000
0000
0000
0000
0000
0000
0000
0000
0000
0000
0000
0000
0000
0000
0000
0001----단일난타
0000
0010
0100
0001
0000
0010
0000
0001
0100
0010
0000
0001
0000
0010
0001
1000----
0000
0100
0010
1000
0000
0100
0000
1000
0010
0010
0000
1000
0000
0100
1000
0001----양끝
0000
1000
0001
0001
0000
1000
0000
0001
1000
0001
0000
0001
0000
0001
1000
0100----안쪽
0000
0010
0100
0100
0000
0010
0000
0100
0010
0100
0000
1111
1111
1111
1111
0001----삑삐기삑삑
0000
0011
1000
0001
0000
0011
0000
0011
1000
0011
0000
0011
0000
1100
0000
0001----
0000
0011
1100
0011
0000
0001
0000
0011
1100
0001
0000
0011
0000
1100
0000
1000----
0000
1100
0001
1000
0000
1100
0000
1100
0001
1100
0000
1100
0000
0011
0000
1000----
0000
1100
0001
1000
0000
1100
0000
1000
0001
1000
0001
0100
0010
0100
0010
1111
0000----멈춤
0000
0000
0000
0000
0000
0000
0001----띠끼딩
0010
0001
0100
1000
0010
0001
0010
1000
0100
0010
0001
1111
0000
0000
0000
0001----
0010
0001
0100
1000
0010
0001
0010
1000
0100
0010
0001
1000
0100
1000
0100
0010----
0100
1000
0001
0010
0100
1000
0000
0001
0010
0100
0000
1111
0000
0000
0000
0010----
0100
1000
0001
0010
0100
1000
0000
0001
0010
0100
0000
1111
0000
0000
0000
0001----웅장
0000
0110
0000
1000
0000
0110
0000
0001
0000
0110
0000
1111
0000
0000
0000
0100----
0000
0011
0000
0010
0000
1100
0000
0001
0000
1000
0000
1111
0000
0000
0000
1001----
0000
0110
0000
1001
0000
0110
0001
1000
0010
0101
0000
1111
0000
0000
0000
1000----
0100
0010
0001
0010
0100
1000
0000
1111
0000
0000
0000----조용
0000
0000
0000
0000
0100
0010
0100
0010
1000
0001
1000
0001
1000----퓌익퓌익
0000
1000
1000
1000
0001
1000
1000
1000
0001
1000
0001
1000
1000
0001
1000
0001----
0000
0001
0001
0001
1000
0001
0001
0001
1000
0001
1000
0001
0001
1000
0001
0010----
0000
0010
0010
0010
1000
0001
0000
1100
0000
0011
0000
1100
0000
0011
0000
0010----
0000
0010
0010
0010
0100
0010
0000
1100
0000
0011
0000
1100
0000
0011
0000
0100----복잡
0001
0111
0010
0100
0010
0100
0000
0100
0001
0100
0000
0100
0011
0100
0000
0100----
0001
0111
0010
0100
0010
0100
0000
0100
0000
0111
0000
0010
0000
1110
0000
0100----
0001
0111
0010
0100
0010
0100
0000
1000
0000
1101
0000
0001
0000
1011
0000
0100----
0001
0111
0010
0100
0010
0100
0000
1111
0000
1111
0000
1111
0000
1001
0110
1111
0000
0000----끝
0000
0000
0000
0000
0000
0000
0000
0000
0000
0000
0000
0000
0000
0000
0000
0000
0000
0000
0000
0000
0000
0000
0000
0000
0000
0000
0000
0000
0000
0000
0000
0000
0000
0000
0000
0000
0000
0000
0000
0000
0000
0000
0000
0000
0000
0000
0000